24110706
20735970
25953610
23821110
22763585
25545412
23075356
21831449
21843660
23595380
21741360
21610510
27130350
27145440
27120340
27110150
27135040
27140070
27145000
27140240
27115360
27150410
23914330
23900490
23953440
23953450
23953460
23953470
23953480
23953490
23953500
23953510
28908430
28908240
28907240
28912040
28905330
28911300
28905120
28909030
28915380
28921060
25535190
25520040
25540070
25525160
25575510
25515090
25535200
25555650
25550390
25555450
23085800
22730080
22735170
22753310
21210600
21215030
20535020
20941190
21042500
22710770
23076510
23026090
20240090
22790785
22765527
21340380
21615200
22461090
22780000
21250160